A 1 1 1
A 1 2 2
A 1 3 3
A 1 4 4
A 1 5 5
A 1 6 6
A 1 7 7
A 1 8 8
A 1 9 9
A 1 10 10
A 1 11 11
A 1 12 12
A 1 13 13
A 1 14 14
A 1 15 15
A 1 16 16
A 1 17 17
A 1 18 18
A 1 19 19
A 1 20 20
A 1 21 21
A 1 22 22
A 1 23 23
A 1 24 24
A 1 25 25
A 1 26 26
A 1 27 27
A 1 28 28
A 1 29 29
A 1 30 30
A 1 31 31
A 1 32 32
A 1 33 33
A 1 34 34
A 1 35 35
A 1 36 36
A 1 37 37
A 1 38 38
A 1 39 39
A 1 40 40
A 1 41 41
A 1 42 42
A 1 43 43
A 1 44 44
A 1 45 45
A 1 46 46
A 1 47 47
A 1 48 48
A 1 49 49
A 1 50 50
A 2 1 2
A 2 2 4
A 2 3 6
A 2 4 8
A 2 5 10
A 2 6 12
A 2 7 14
A 2 8 16
A 2 9 18
A 2 10 20
A 2 11 22
A 2 12 24
A 2 13 26
A 2 14 28
A 2 15 30
A 2 16 32
A 2 17 34
A 2 18 36
A 2 19 38
A 2 20 40
A 2 21 42
A 2 22 44
A 2 23 46
A 2 24 48
A 2 25 50
A 2 26 52
A 2 27 54
A 2 28 56
A 2 29 58
A 2 30 60
A 2 31 62
A 2 32 64
A 2 33 66
A 2 34 68
A 2 35 70
A 2 36 72
A 2 37 74
A 2 38 76
A 2 39 78
A 2 40 80
A 2 41 82
A 2 42 84
A 2 43 86
A 2 44 88
A 2 45 90
A 2 46 92
A 2 47 94
A 2 48 96
A 2 49 98
A 2 50 100
A 3 1 3
A 3 2 6
A 3 3 9
A 3 4 12
A 3 5 15
A 3 6 18
A 3 7 21
A 3 8 24
A 3 9 27
A 3 10 30
A 3 11 33
A 3 12 36
A 3 13 39
A 3 14 42
A 3 15 45
A 3 16 48
A 3 17 51
A 3 18 54
A 3 19 57
A 3 20 60
A 3 21 63
A 3 22 66
A 3 23 69
A 3 24 72
A 3 25 75
A 3 26 78
A 3 27 81
A 3 28 84
A 3 29 87
A 3 30 90
A 3 31 93
A 3 32 96
A 3 33 99
A 3 34 102
A 3 35 105
A 3 36 108
A 3 37 111
A 3 38 114
A 3 39 117
A 3 40 120
A 3 41 123
A 3 42 126
A 3 43 129
A 3 44 132
A 3 45 135
A 3 46 138
A 3 47 141
A 3 48 144
A 3 49 147
A 3 50 150
A 4 1 4
A 4 2 8
A 4 3 12
A 4 4 16
A 4 5 20
A 4 6 24
A 4 7 28
A 4 8 32
A 4 9 36
A 4 10 40
A 4 11 44
A 4 12 48
A 4 13 52
A 4 14 56
A 4 15 60
A 4 16 64
A 4 17 68
A 4 18 72
A 4 19 76
A 4 20 80
A 4 21 84
A 4 22 88
A 4 23 92
A 4 24 96
A 4 25 100
A 4 26 104
A 4 27 108
A 4 28 112
A 4 29 116
A 4 30 120
A 4 31 124
A 4 32 128
A 4 33 132
A 4 34 136
A 4 35 140
A 4 36 144
A 4 37 148
A 4 38 152
A 4 39 156
A 4 40 160
A 4 41 164
A 4 42 168
A 4 43 172
A 4 44 176
A 4 45 180
A 4 46 184
A 4 47 188
A 4 48 192
A 4 49 196
A 4 50 200
A 5 1 5
A 5 2 10
A 5 3 15
A 5 4 20
A 5 5 25
A 5 6 30
A 5 7 35
A 5 8 40
A 5 9 45
A 5 10 50
A 5 11 55
A 5 12 60
A 5 13 65
A 5 14 70
A 5 15 75
A 5 16 80
A 5 17 85
A 5 18 90
A 5 19 95
A 5 20 100
A 5 21 105
A 5 22 110
A 5 23 115
A 5 24 120
A 5 25 125
A 5 26 130
A 5 27 135
A 5 28 140
A 5 29 145
A 5 30 150
A 5 31 155
A 5 32 160
A 5 33 165
A 5 34 170
A 5 35 175
A 5 36 180
A 5 37 185
A 5 38 190
A 5 39 195
A 5 40 200
A 5 41 205
A 5 42 210
A 5 43 215
A 5 44 220
A 5 45 225
A 5 46 230
A 5 47 235
A 5 48 240
A 5 49 245
A 5 50 250
A 6 1 6
A 6 2 12
A 6 3 18
A 6 4 24
A 6 5 30
A 6 6 36
A 6 7 42
A 6 8 48
A 6 9 54
A 6 10 60
A 6 11 66
A 6 12 72
A 6 13 78
A 6 14 84
A 6 15 90
A 6 16 96
A 6 17 102
A 6 18 108
A 6 19 114
A 6 20 120
A 6 21 126
A 6 22 132
A 6 23 138
A 6 24 144
A 6 25 150
A 6 26 156
A 6 27 162
A 6 28 168
A 6 29 174
A 6 30 180
A 6 31 186
A 6 32 192
A 6 33 198
A 6 34 204
A 6 35 210
A 6 36 216
A 6 37 222
A 6 38 228
A 6 39 234
A 6 40 240
A 6 41 246
A 6 42 252
A 6 43 258
A 6 44 264
A 6 45 270
A 6 46 276
A 6 47 282
A 6 48 288
A 6 49 294
A 6 50 300
A 7 1 7
A 7 2 14
A 7 3 21
A 7 4 28
A 7 5 35
A 7 6 42
A 7 7 49
A 7 8 56
A 7 9 63
A 7 10 70
A 7 11 77
A 7 12 84
A 7 13 91
A 7 14 98
A 7 15 105
A 7 16 112
A 7 17 119
A 7 18 126
A 7 19 133
A 7 20 140
A 7 21 147
A 7 22 154
A 7 23 161
A 7 24 168
A 7 25 175
A 7 26 182
A 7 27 189
A 7 28 196
A 7 29 203
A 7 30 210
A 7 31 217
A 7 32 224
A 7 33 231
A 7 34 238
A 7 35 245
A 7 36 252
A 7 37 259
A 7 38 266
A 7 39 273
A 7 40 280
A 7 41 287
A 7 42 294
A 7 43 301
A 7 44 308
A 7 45 315
A 7 46 322
A 7 47 329
A 7 48 336
A 7 49 343
A 7 50 350
A 8 1 8
A 8 2 16
A 8 3 24
A 8 4 32
A 8 5 40
A 8 6 48
A 8 7 56
A 8 8 64
A 8 9 72
A 8 10 80
A 8 11 88
A 8 12 96
A 8 13 104
A 8 14 112
A 8 15 120
A 8 16 128
A 8 17 136
A 8 18 144
A 8 19 152
A 8 20 160
A 8 21 168
A 8 22 176
A 8 23 184
A 8 24 192
A 8 25 200
A 8 26 208
A 8 27 216
A 8 28 224
A 8 29 232
A 8 30 240
A 8 31 248
A 8 32 256
A 8 33 264
A 8 34 272
A 8 35 280
A 8 36 288
A 8 37 296
A 8 38 304
A 8 39 312
A 8 40 320
A 8 41 328
A 8 42 336
A 8 43 344
A 8 44 352
A 8 45 360
A 8 46 368
A 8 47 376
A 8 48 384
A 8 49 392
A 8 50 400
A 9 1 9
A 9 2 18
A 9 3 27
A 9 4 36
A 9 5 45
A 9 6 54
A 9 7 63
A 9 8 72
A 9 9 81
A 9 10 90
A 9 11 99
A 9 12 108
A 9 13 117
A 9 14 126
A 9 15 135
A 9 16 144
A 9 17 153
A 9 18 162
A 9 19 171
A 9 20 180
A 9 21 189
A 9 22 198
A 9 23 207
A 9 24 216
A 9 25 225
A 9 26 234
A 9 27 243
A 9 28 252
A 9 29 261
A 9 30 270
A 9 31 279
A 9 32 288
A 9 33 297
A 9 34 306
A 9 35 315
A 9 36 324
A 9 37 333
A 9 38 342
A 9 39 351
A 9 40 360
A 9 41 369
A 9 42 378
A 9 43 387
A 9 44 396
A 9 45 405
A 9 46 414
A 9 47 423
A 9 48 432
A 9 49 441
A 9 50 450
A 10 1 10
A 10 2 20
A 10 3 30
A 10 4 40
A 10 5 50
A 10 6 60
A 10 7 70
A 10 8 80
A 10 9 90
A 10 10 100
A 10 11 110
A 10 12 120
A 10 13 130
A 10 14 140
A 10 15 150
A 10 16 160
A 10 17 170
A 10 18 180
A 10 19 190
A 10 20 200
A 10 21 210
A 10 22 220
A 10 23 230
A 10 24 240
A 10 25 250
A 10 26 260
A 10 27 270
A 10 28 280
A 10 29 290
A 10 30 300
A 10 31 310
A 10 32 320
A 10 33 330
A 10 34 340
A 10 35 350
A 10 36 360
A 10 37 370
A 10 38 380
A 10 39 390
A 10 40 400
A 10 41 410
A 10 42 420
A 10 43 430
A 10 44 440
A 10 45 450
A 10 46 460
A 10 47 470
A 10 48 480
A 10 49 490
A 10 50 500
A 11 1 11
A 11 2 22
A 11 3 33
A 11 4 44
A 11 5 55
A 11 6 66
A 11 7 77
A 11 8 88
A 11 9 99
A 11 10 110
A 11 11 121
A 11 12 132
A 11 13 143
A 11 14 154
A 11 15 165
A 11 16 176
A 11 17 187
A 11 18 198
A 11 19 209
A 11 20 220
A 11 21 231
A 11 22 242
A 11 23 253
A 11 24 264
A 11 25 275
A 11 26 286
A 11 27 297
A 11 28 308
A 11 29 319
A 11 30 330
A 11 31 341
A 11 32 352
A 11 33 363
A 11 34 374
A 11 35 385
A 11 36 396
A 11 37 407
A 11 38 418
A 11 39 429
A 11 40 440
A 11 41 451
A 11 42 462
A 11 43 473
A 11 44 484
A 11 45 495
A 11 46 506
A 11 47 517
A 11 48 528
A 11 49 539
A 11 50 550
A 12 1 12
A 12 2 24
A 12 3 36
A 12 4 48
A 12 5 60
A 12 6 72
A 12 7 84
A 12 8 96
A 12 9 108
A 12 10 120
A 12 11 132
A 12 12 144
A 12 13 156
A 12 14 168
A 12 15 180
A 12 16 192
A 12 17 204
A 12 18 216
A 12 19 228
A 12 20 240
A 12 21 252
A 12 22 264
A 12 23 276
A 12 24 288
A 12 25 300
A 12 26 312
A 12 27 324
A 12 28 336
A 12 29 348
A 12 30 360
A 12 31 372
A 12 32 384
A 12 33 396
A 12 34 408
A 12 35 420
A 12 36 432
A 12 37 444
A 12 38 456
A 12 39 468
A 12 40 480
A 12 41 492
A 12 42 504
A 12 43 516
A 12 44 528
A 12 45 540
A 12 46 552
A 12 47 564
A 12 48 576
A 12 49 588
A 12 50 600
A 13 1 13
A 13 2 26
A 13 3 39
A 13 4 52
A 13 5 65
A 13 6 78
A 13 7 91
A 13 8 104
A 13 9 117
A 13 10 130
A 13 11 143
A 13 12 156
A 13 13 169
A 13 14 182
A 13 15 195
A 13 16 208
A 13 17 221
A 13 18 234
A 13 19 247
A 13 20 260
A 13 21 273
A 13 22 286
A 13 23 299
A 13 24 312
A 13 25 325
A 13 26 338
A 13 27 351
A 13 28 364
A 13 29 377
A 13 30 390
A 13 31 403
A 13 32 416
A 13 33 429
A 13 34 442
A 13 35 455
A 13 36 468
A 13 37 481
A 13 38 494
A 13 39 507
A 13 40 520
A 13 41 533
A 13 42 546
A 13 43 559
A 13 44 572
A 13 45 585
A 13 46 598
A 13 47 611
A 13 48 624
A 13 49 637
A 13 50 650
A 14 1 14
A 14 2 28
A 14 3 42
A 14 4 56
A 14 5 70
A 14 6 84
A 14 7 98
A 14 8 112
A 14 9 126
A 14 10 140
A 14 11 154
A 14 12 168
A 14 13 182
A 14 14 196
A 14 15 210
A 14 16 224
A 14 17 238
A 14 18 252
A 14 19 266
A 14 20 280
A 14 21 294
A 14 22 308
A 14 23 322
A 14 24 336
A 14 25 350
A 14 26 364
A 14 27 378
A 14 28 392
A 14 29 406
A 14 30 420
A 14 31 434
A 14 32 448
A 14 33 462
A 14 34 476
A 14 35 490
A 14 36 504
A 14 37 518
A 14 38 532
A 14 39 546
A 14 40 560
A 14 41 574
A 14 42 588
A 14 43 602
A 14 44 616
A 14 45 630
A 14 46 644
A 14 47 658
A 14 48 672
A 14 49 686
A 14 50 700
A 15 1 15
A 15 2 30
A 15 3 45
A 15 4 60
A 15 5 75
A 15 6 90
A 15 7 105
A 15 8 120
A 15 9 135
A 15 10 150
A 15 11 165
A 15 12 180
A 15 13 195
A 15 14 210
A 15 15 225
A 15 16 240
A 15 17 255
A 15 18 270
A 15 19 285
A 15 20 300
A 15 21 315
A 15 22 330
A 15 23 345
A 15 24 360
A 15 25 375
A 15 26 390
A 15 27 405
A 15 28 420
A 15 29 435
A 15 30 450
A 15 31 465
A 15 32 480
A 15 33 495
A 15 34 510
A 15 35 525
A 15 36 540
A 15 37 555
A 15 38 570
A 15 39 585
A 15 40 600
A 15 41 615
A 15 42 630
A 15 43 645
A 15 44 660
A 15 45 675
A 15 46 690
A 15 47 705
A 15 48 720
A 15 49 735
A 15 50 750
A 16 1 16
A 16 2 32
A 16 3 48
A 16 4 64
A 16 5 80
A 16 6 96
A 16 7 112
A 16 8 128
A 16 9 144
A 16 10 160
A 16 11 176
A 16 12 192
A 16 13 208
A 16 14 224
A 16 15 240
A 16 16 256
A 16 17 272
A 16 18 288
A 16 19 304
A 16 20 320
A 16 21 336
A 16 22 352
A 16 23 368
A 16 24 384
A 16 25 400
A 16 26 416
A 16 27 432
A 16 28 448
A 16 29 464
A 16 30 480
A 16 31 496
A 16 32 512
A 16 33 528
A 16 34 544
A 16 35 560
A 16 36 576
A 16 37 592
A 16 38 608
A 16 39 624
A 16 40 640
A 16 41 656
A 16 42 672
A 16 43 688
A 16 44 704
A 16 45 720
A 16 46 736
A 16 47 752
A 16 48 768
A 16 49 784
A 16 50 800
A 17 1 17
A 17 2 34
A 17 3 51
A 17 4 68
A 17 5 85
A 17 6 102
A 17 7 119
A 17 8 136
A 17 9 153
A 17 10 170
A 17 11 187
A 17 12 204
A 17 13 221
A 17 14 238
A 17 15 255
A 17 16 272
A 17 17 289
A 17 18 306
A 17 19 323
A 17 20 340
A 17 21 357
A 17 22 374
A 17 23 391
A 17 24 408
A 17 25 425
A 17 26 442
A 17 27 459
A 17 28 476
A 17 29 493
A 17 30 510
A 17 31 527
A 17 32 544
A 17 33 561
A 17 34 578
A 17 35 595
A 17 36 612
A 17 37 629
A 17 38 646
A 17 39 663
A 17 40 680
A 17 41 697
A 17 42 714
A 17 43 731
A 17 44 748
A 17 45 765
A 17 46 782
A 17 47 799
A 17 48 816
A 17 49 833
A 17 50 850
A 18 1 18
A 18 2 36
A 18 3 54
A 18 4 72
A 18 5 90
A 18 6 108
A 18 7 126
A 18 8 144
A 18 9 162
A 18 10 180
A 18 11 198
A 18 12 216
A 18 13 234
A 18 14 252
A 18 15 270
A 18 16 288
A 18 17 306
A 18 18 324
A 18 19 342
A 18 20 360
A 18 21 378
A 18 22 396
A 18 23 414
A 18 24 432
A 18 25 450
A 18 26 468
A 18 27 486
A 18 28 504
A 18 29 522
A 18 30 540
A 18 31 558
A 18 32 576
A 18 33 594
A 18 34 612
A 18 35 630
A 18 36 648
A 18 37 666
A 18 38 684
A 18 39 702
A 18 40 720
A 18 41 738
A 18 42 756
A 18 43 774
A 18 44 792
A 18 45 810
A 18 46 828
A 18 47 846
A 18 48 864
A 18 49 882
A 18 50 900
A 19 1 19
A 19 2 38
A 19 3 57
A 19 4 76
A 19 5 95
A 19 6 114
A 19 7 133
A 19 8 152
A 19 9 171
A 19 10 190
A 19 11 209
A 19 12 228
A 19 13 247
A 19 14 266
A 19 15 285
A 19 16 304
A 19 17 323
A 19 18 342
A 19 19 361
A 19 20 380
A 19 21 399
A 19 22 418
A 19 23 437
A 19 24 456
A 19 25 475
A 19 26 494
A 19 27 513
A 19 28 532
A 19 29 551
A 19 30 570
A 19 31 589
A 19 32 608
A 19 33 627
A 19 34 646
A 19 35 665
A 19 36 684
A 19 37 703
A 19 38 722
A 19 39 741
A 19 40 760
A 19 41 779
A 19 42 798
A 19 43 817
A 19 44 836
A 19 45 855
A 19 46 874
A 19 47 893
A 19 48 912
A 19 49 931
A 19 50 950
A 20 1 20
A 20 2 40
A 20 3 60
A 20 4 80
A 20 5 100
A 20 6 120
A 20 7 140
A 20 8 160
A 20 9 180
A 20 10 200
A 20 11 220
A 20 12 240
A 20 13 260
A 20 14 280
A 20 15 300
A 20 16 320
A 20 17 340
A 20 18 360
A 20 19 380
A 20 20 400
A 20 21 420
A 20 22 440
A 20 23 460
A 20 24 480
A 20 25 500
A 20 26 520
A 20 27 540
A 20 28 560
A 20 29 580
A 20 30 600
A 20 31 620
A 20 32 640
A 20 33 660
A 20 34 680
A 20 35 700
A 20 36 720
A 20 37 740
A 20 38 760
A 20 39 780
A 20 40 800
A 20 41 820
A 20 42 840
A 20 43 860
A 20 44 880
A 20 45 900
A 20 46 920
A 20 47 940
A 20 48 960
A 20 49 980
A 20 50 1000
A 21 1 21
A 21 2 42
A 21 3 63
A 21 4 84
A 21 5 105
A 21 6 126
A 21 7 147
A 21 8 168
A 21 9 189
A 21 10 210
A 21 11 231
A 21 12 252
A 21 13 273
A 21 14 294
A 21 15 315
A 21 16 336
A 21 17 357
A 21 18 378
A 21 19 399
A 21 20 420
A 21 21 441
A 21 22 462
A 21 23 483
A 21 24 504
A 21 25 525
A 21 26 546
A 21 27 567
A 21 28 588
A 21 29 609
A 21 30 630
A 21 31 651
A 21 32 672
A 21 33 693
A 21 34 714
A 21 35 735
A 21 36 756
A 21 37 777
A 21 38 798
A 21 39 819
A 21 40 840
A 21 41 861
A 21 42 882
A 21 43 903
A 21 44 924
A 21 45 945
A 21 46 966
A 21 47 987
A 21 48 1008
A 21 49 1029
A 21 50 1050
A 22 1 22
A 22 2 44
A 22 3 66
A 22 4 88
A 22 5 110
A 22 6 132
A 22 7 154
A 22 8 176
A 22 9 198
A 22 10 220
A 22 11 242
A 22 12 264
A 22 13 286
A 22 14 308
A 22 15 330
A 22 16 352
A 22 17 374
A 22 18 396
A 22 19 418
A 22 20 440
A 22 21 462
A 22 22 484
A 22 23 506
A 22 24 528
A 22 25 550
A 22 26 572
A 22 27 594
A 22 28 616
A 22 29 638
A 22 30 660
A 22 31 682
A 22 32 704
A 22 33 726
A 22 34 748
A 22 35 770
A 22 36 792
A 22 37 814
A 22 38 836
A 22 39 858
A 22 40 880
A 22 41 902
A 22 42 924
A 22 43 946
A 22 44 968
A 22 45 990
A 22 46 1012
A 22 47 1034
A 22 48 1056
A 22 49 1078
A 22 50 1100
A 23 1 23
A 23 2 46
A 23 3 69
A 23 4 92
A 23 5 115
A 23 6 138
A 23 7 161
A 23 8 184
A 23 9 207
A 23 10 230
A 23 11 253
A 23 12 276
A 23 13 299
A 23 14 322
A 23 15 345
A 23 16 368
A 23 17 391
A 23 18 414
A 23 19 437
A 23 20 460
A 23 21 483
A 23 22 506
A 23 23 529
A 23 24 552
A 23 25 575
A 23 26 598
A 23 27 621
A 23 28 644
A 23 29 667
A 23 30 690
A 23 31 713
A 23 32 736
A 23 33 759
A 23 34 782
A 23 35 805
A 23 36 828
A 23 37 851
A 23 38 874
A 23 39 897
A 23 40 920
A 23 41 943
A 23 42 966
A 23 43 989
A 23 44 1012
A 23 45 1035
A 23 46 1058
A 23 47 1081
A 23 48 1104
A 23 49 1127
A 23 50 1150
A 24 1 24
A 24 2 48
A 24 3 72
A 24 4 96
A 24 5 120
A 24 6 144
A 24 7 168
A 24 8 192
A 24 9 216
A 24 10 240
A 24 11 264
A 24 12 288
A 24 13 312
A 24 14 336
A 24 15 360
A 24 16 384
A 24 17 408
A 24 18 432
A 24 19 456
A 24 20 480
A 24 21 504
A 24 22 528
A 24 23 552
A 24 24 576
A 24 25 600
A 24 26 624
A 24 27 648
A 24 28 672
A 24 29 696
A 24 30 720
A 24 31 744
A 24 32 768
A 24 33 792
A 24 34 816
A 24 35 840
A 24 36 864
A 24 37 888
A 24 38 912
A 24 39 936
A 24 40 960
A 24 41 984
A 24 42 1008
A 24 43 1032
A 24 44 1056
A 24 45 1080
A 24 46 1104
A 24 47 1128
A 24 48 1152
A 24 49 1176
A 24 50 1200
A 25 1 25
A 25 2 50
A 25 3 75
A 25 4 100
A 25 5 125
A 25 6 150
A 25 7 175
A 25 8 200
A 25 9 225
A 25 10 250
A 25 11 275
A 25 12 300
A 25 13 325
A 25 14 350
A 25 15 375
A 25 16 400
A 25 17 425
A 25 18 450
A 25 19 475
A 25 20 500
A 25 21 525
A 25 22 550
A 25 23 575
A 25 24 600
A 25 25 625
A 25 26 650
A 25 27 675
A 25 28 700
A 25 29 725
A 25 30 750
A 25 31 775
A 25 32 800
A 25 33 825
A 25 34 850
A 25 35 875
A 25 36 900
A 25 37 925
A 25 38 950
A 25 39 975
A 25 40 1000
A 25 41 1025
A 25 42 1050
A 25 43 1075
A 25 44 1100
A 25 45 1125
A 25 46 1150
A 25 47 1175
A 25 48 1200
A 25 49 1225
A 25 50 1250
A 26 1 26
A 26 2 52
A 26 3 78
A 26 4 104
A 26 5 130
A 26 6 156
A 26 7 182
A 26 8 208
A 26 9 234
A 26 10 260
A 26 11 286
A 26 12 312
A 26 13 338
A 26 14 364
A 26 15 390
A 26 16 416
A 26 17 442
A 26 18 468
A 26 19 494
A 26 20 520
A 26 21 546
A 26 22 572
A 26 23 598
A 26 24 624
A 26 25 650
A 26 26 676
A 26 27 702
A 26 28 728
A 26 29 754
A 26 30 780
A 26 31 806
A 26 32 832
A 26 33 858
A 26 34 884
A 26 35 910
A 26 36 936
A 26 37 962
A 26 38 988
A 26 39 1014
A 26 40 1040
A 26 41 1066
A 26 42 1092
A 26 43 1118
A 26 44 1144
A 26 45 1170
A 26 46 1196
A 26 47 1222
A 26 48 1248
A 26 49 1274
A 26 50 1300
A 27 1 27
A 27 2 54
A 27 3 81
A 27 4 108
A 27 5 135
A 27 6 162
A 27 7 189
A 27 8 216
A 27 9 243
A 27 10 270
A 27 11 297
A 27 12 324
A 27 13 351
A 27 14 378
A 27 15 405
A 27 16 432
A 27 17 459
A 27 18 486
A 27 19 513
A 27 20 540
A 27 21 567
A 27 22 594
A 27 23 621
A 27 24 648
A 27 25 675
A 27 26 702
A 27 27 729
A 27 28 756
A 27 29 783
A 27 30 810
A 27 31 837
A 27 32 864
A 27 33 891
A 27 34 918
A 27 35 945
A 27 36 972
A 27 37 999
A 27 38 1026
A 27 39 1053
A 27 40 1080
A 27 41 1107
A 27 42 1134
A 27 43 1161
A 27 44 1188
A 27 45 1215
A 27 46 1242
A 27 47 1269
A 27 48 1296
A 27 49 1323
A 27 50 1350
A 28 1 28
A 28 2 56
A 28 3 84
A 28 4 112
A 28 5 140
A 28 6 168
A 28 7 196
A 28 8 224
A 28 9 252
A 28 10 280
A 28 11 308
A 28 12 336
A 28 13 364
A 28 14 392
A 28 15 420
A 28 16 448
A 28 17 476
A 28 18 504
A 28 19 532
A 28 20 560
A 28 21 588
A 28 22 616
A 28 23 644
A 28 24 672
A 28 25 700
A 28 26 728
A 28 27 756
A 28 28 784
A 28 29 812
A 28 30 840
A 28 31 868
A 28 32 896
A 28 33 924
A 28 34 952
A 28 35 980
A 28 36 1008
A 28 37 1036
A 28 38 1064
A 28 39 1092
A 28 40 1120
A 28 41 1148
A 28 42 1176
A 28 43 1204
A 28 44 1232
A 28 45 1260
A 28 46 1288
A 28 47 1316
A 28 48 1344
A 28 49 1372
A 28 50 1400
A 29 1 29
A 29 2 58
A 29 3 87
A 29 4 116
A 29 5 145
A 29 6 174
A 29 7 203
A 29 8 232
A 29 9 261
A 29 10 290
A 29 11 319
A 29 12 348
A 29 13 377
A 29 14 406
A 29 15 435
A 29 16 464
A 29 17 493
A 29 18 522
A 29 19 551
A 29 20 580
A 29 21 609
A 29 22 638
A 29 23 667
A 29 24 696
A 29 25 725
A 29 26 754
A 29 27 783
A 29 28 812
A 29 29 841
A 29 30 870
A 29 31 899
A 29 32 928
A 29 33 957
A 29 34 986
A 29 35 1015
A 29 36 1044
A 29 37 1073
A 29 38 1102
A 29 39 1131
A 29 40 1160
A 29 41 1189
A 29 42 1218
A 29 43 1247
A 29 44 1276
A 29 45 1305
A 29 46 1334
A 29 47 1363
A 29 48 1392
A 29 49 1421
A 29 50 1450
A 30 1 30
A 30 2 60
A 30 3 90
A 30 4 120
A 30 5 150
A 30 6 180
A 30 7 210
A 30 8 240
A 30 9 270
A 30 10 300
A 30 11 330
A 30 12 360
A 30 13 390
A 30 14 420
A 30 15 450
A 30 16 480
A 30 17 510
A 30 18 540
A 30 19 570
A 30 20 600
A 30 21 630
A 30 22 660
A 30 23 690
A 30 24 720
A 30 25 750
A 30 26 780
A 30 27 810
A 30 28 840
A 30 29 870
A 30 30 900
A 30 31 930
A 30 32 960
A 30 33 990
A 30 34 1020
A 30 35 1050
A 30 36 1080
A 30 37 1110
A 30 38 1140
A 30 39 1170
A 30 40 1200
A 30 41 1230
A 30 42 1260
A 30 43 1290
A 30 44 1320
A 30 45 1350
A 30 46 1380
A 30 47 1410
A 30 48 1440
A 30 49 1470
A 30 50 1500
A 31 1 31
A 31 2 62
A 31 3 93
A 31 4 124
A 31 5 155
A 31 6 186
A 31 7 217
A 31 8 248
A 31 9 279
A 31 10 310
A 31 11 341
A 31 12 372
A 31 13 403
A 31 14 434
A 31 15 465
A 31 16 496
A 31 17 527
A 31 18 558
A 31 19 589
A 31 20 620
A 31 21 651
A 31 22 682
A 31 23 713
A 31 24 744
A 31 25 775
A 31 26 806
A 31 27 837
A 31 28 868
A 31 29 899
A 31 30 930
A 31 31 961
A 31 32 992
A 31 33 1023
A 31 34 1054
A 31 35 1085
A 31 36 1116
A 31 37 1147
A 31 38 1178
A 31 39 1209
A 31 40 1240
A 31 41 1271
A 31 42 1302
A 31 43 1333
A 31 44 1364
A 31 45 1395
A 31 46 1426
A 31 47 1457
A 31 48 1488
A 31 49 1519
A 31 50 1550
A 32 1 32
A 32 2 64
A 32 3 96
A 32 4 128
A 32 5 160
A 32 6 192
A 32 7 224
A 32 8 256
A 32 9 288
A 32 10 320
A 32 11 352
A 32 12 384
A 32 13 416
A 32 14 448
A 32 15 480
A 32 16 512
A 32 17 544
A 32 18 576
A 32 19 608
A 32 20 640
A 32 21 672
A 32 22 704
A 32 23 736
A 32 24 768
A 32 25 800
A 32 26 832
A 32 27 864
A 32 28 896
A 32 29 928
A 32 30 960
A 32 31 992
A 32 32 1024
A 32 33 1056
A 32 34 1088
A 32 35 1120
A 32 36 1152
A 32 37 1184
A 32 38 1216
A 32 39 1248
A 32 40 1280
A 32 41 1312
A 32 42 1344
A 32 43 1376
A 32 44 1408
A 32 45 1440
A 32 46 1472
A 32 47 1504
A 32 48 1536
A 32 49 1568
A 32 50 1600
A 33 1 33
A 33 2 66
A 33 3 99
A 33 4 132
A 33 5 165
A 33 6 198
A 33 7 231
A 33 8 264
A 33 9 297
A 33 10 330
A 33 11 363
A 33 12 396
A 33 13 429
A 33 14 462
A 33 15 495
A 33 16 528
A 33 17 561
A 33 18 594
A 33 19 627
A 33 20 660
A 33 21 693
A 33 22 726
A 33 23 759
A 33 24 792
A 33 25 825
A 33 26 858
A 33 27 891
A 33 28 924
A 33 29 957
A 33 30 990
A 33 31 1023
A 33 32 1056
A 33 33 1089
A 33 34 1122
A 33 35 1155
A 33 36 1188
A 33 37 1221
A 33 38 1254
A 33 39 1287
A 33 40 1320
A 33 41 1353
A 33 42 1386
A 33 43 1419
A 33 44 1452
A 33 45 1485
A 33 46 1518
A 33 47 1551
A 33 48 1584
A 33 49 1617
A 33 50 1650
A 34 1 34
A 34 2 68
A 34 3 102
A 34 4 136
A 34 5 170
A 34 6 204
A 34 7 238
A 34 8 272
A 34 9 306
A 34 10 340
A 34 11 374
A 34 12 408
A 34 13 442
A 34 14 476
A 34 15 510
A 34 16 544
A 34 17 578
A 34 18 612
A 34 19 646
A 34 20 680
A 34 21 714
A 34 22 748
A 34 23 782
A 34 24 816
A 34 25 850
A 34 26 884
A 34 27 918
A 34 28 952
A 34 29 986
A 34 30 1020
A 34 31 1054
A 34 32 1088
A 34 33 1122
A 34 34 1156
A 34 35 1190
A 34 36 1224
A 34 37 1258
A 34 38 1292
A 34 39 1326
A 34 40 1360
A 34 41 1394
A 34 42 1428
A 34 43 1462
A 34 44 1496
A 34 45 1530
A 34 46 1564
A 34 47 1598
A 34 48 1632
A 34 49 1666
A 34 50 1700
A 35 1 35
A 35 2 70
A 35 3 105
A 35 4 140
A 35 5 175
A 35 6 210
A 35 7 245
A 35 8 280
A 35 9 315
A 35 10 350
A 35 11 385
A 35 12 420
A 35 13 455
A 35 14 490
A 35 15 525
A 35 16 560
A 35 17 595
A 35 18 630
A 35 19 665
A 35 20 700
A 35 21 735
A 35 22 770
A 35 23 805
A 35 24 840
A 35 25 875
A 35 26 910
A 35 27 945
A 35 28 980
A 35 29 1015
A 35 30 1050
A 35 31 1085
A 35 32 1120
A 35 33 1155
A 35 34 1190
A 35 35 1225
A 35 36 1260
A 35 37 1295
A 35 38 1330
A 35 39 1365
A 35 40 1400
A 35 41 1435
A 35 42 1470
A 35 43 1505
A 35 44 1540
A 35 45 1575
A 35 46 1610
A 35 47 1645
A 35 48 1680
A 35 49 1715
A 35 50 1750
A 36 1 36
A 36 2 72
A 36 3 108
A 36 4 144
A 36 5 180
A 36 6 216
A 36 7 252
A 36 8 288
A 36 9 324
A 36 10 360
A 36 11 396
A 36 12 432
A 36 13 468
A 36 14 504
A 36 15 540
A 36 16 576
A 36 17 612
A 36 18 648
A 36 19 684
A 36 20 720
A 36 21 756
A 36 22 792
A 36 23 828
A 36 24 864
A 36 25 900
A 36 26 936
A 36 27 972
A 36 28 1008
A 36 29 1044
A 36 30 1080
A 36 31 1116
A 36 32 1152
A 36 33 1188
A 36 34 1224
A 36 35 1260
A 36 36 1296
A 36 37 1332
A 36 38 1368
A 36 39 1404
A 36 40 1440
A 36 41 1476
A 36 42 1512
A 36 43 1548
A 36 44 1584
A 36 45 1620
A 36 46 1656
A 36 47 1692
A 36 48 1728
A 36 49 1764
A 36 50 1800
A 37 1 37
A 37 2 74
A 37 3 111
A 37 4 148
A 37 5 185
A 37 6 222
A 37 7 259
A 37 8 296
A 37 9 333
A 37 10 370
A 37 11 407
A 37 12 444
A 37 13 481
A 37 14 518
A 37 15 555
A 37 16 592
A 37 17 629
A 37 18 666
A 37 19 703
A 37 20 740
A 37 21 777
A 37 22 814
A 37 23 851
A 37 24 888
A 37 25 925
A 37 26 962
A 37 27 999
A 37 28 1036
A 37 29 1073
A 37 30 1110
A 37 31 1147
A 37 32 1184
A 37 33 1221
A 37 34 1258
A 37 35 1295
A 37 36 1332
A 37 37 1369
A 37 38 1406
A 37 39 1443
A 37 40 1480
A 37 41 1517
A 37 42 1554
A 37 43 1591
A 37 44 1628
A 37 45 1665
A 37 46 1702
A 37 47 1739
A 37 48 1776
A 37 49 1813
A 37 50 1850
A 38 1 38
A 38 2 76
A 38 3 114
A 38 4 152
A 38 5 190
A 38 6 228
A 38 7 266
A 38 8 304
A 38 9 342
A 38 10 380
A 38 11 418
A 38 12 456
A 38 13 494
A 38 14 532
A 38 15 570
A 38 16 608
A 38 17 646
A 38 18 684
A 38 19 722
A 38 20 760
A 38 21 798
A 38 22 836
A 38 23 874
A 38 24 912
A 38 25 950
A 38 26 988
A 38 27 1026
A 38 28 1064
A 38 29 1102
A 38 30 1140
A 38 31 1178
A 38 32 1216
A 38 33 1254
A 38 34 1292
A 38 35 1330
A 38 36 1368
A 38 37 1406
A 38 38 1444
A 38 39 1482
A 38 40 1520
A 38 41 1558
A 38 42 1596
A 38 43 1634
A 38 44 1672
A 38 45 1710
A 38 46 1748
A 38 47 1786
A 38 48 1824
A 38 49 1862
A 38 50 1900
A 39 1 39
A 39 2 78
A 39 3 117
A 39 4 156
A 39 5 195
A 39 6 234
A 39 7 273
A 39 8 312
A 39 9 351
A 39 10 390
A 39 11 429
A 39 12 468
A 39 13 507
A 39 14 546
A 39 15 585
A 39 16 624
A 39 17 663
A 39 18 702
A 39 19 741
A 39 20 780
A 39 21 819
A 39 22 858
A 39 23 897
A 39 24 936
A 39 25 975
A 39 26 1014
A 39 27 1053
A 39 28 1092
A 39 29 1131
A 39 30 1170
A 39 31 1209
A 39 32 1248
A 39 33 1287
A 39 34 1326
A 39 35 1365
A 39 36 1404
A 39 37 1443
A 39 38 1482
A 39 39 1521
A 39 40 1560
A 39 41 1599
A 39 42 1638
A 39 43 1677
A 39 44 1716
A 39 45 1755
A 39 46 1794
A 39 47 1833
A 39 48 1872
A 39 49 1911
A 39 50 1950
A 40 1 40
A 40 2 80
A 40 3 120
A 40 4 160
A 40 5 200
A 40 6 240
A 40 7 280
A 40 8 320
A 40 9 360
A 40 10 400
A 40 11 440
A 40 12 480
A 40 13 520
A 40 14 560
A 40 15 600
A 40 16 640
A 40 17 680
A 40 18 720
A 40 19 760
A 40 20 800
A 40 21 840
A 40 22 880
A 40 23 920
A 40 24 960
A 40 25 1000
A 40 26 1040
A 40 27 1080
A 40 28 1120
A 40 29 1160
A 40 30 1200
A 40 31 1240
A 40 32 1280
A 40 33 1320
A 40 34 1360
A 40 35 1400
A 40 36 1440
A 40 37 1480
A 40 38 1520
A 40 39 1560
A 40 40 1600
A 40 41 1640
A 40 42 1680
A 40 43 1720
A 40 44 1760
A 40 45 1800
A 40 46 1840
A 40 47 1880
A 40 48 1920
A 40 49 1960
A 40 50 2000
A 41 1 41
A 41 2 82
A 41 3 123
A 41 4 164
A 41 5 205
A 41 6 246
A 41 7 287
A 41 8 328
A 41 9 369
A 41 10 410
A 41 11 451
A 41 12 492
A 41 13 533
A 41 14 574
A 41 15 615
A 41 16 656
A 41 17 697
A 41 18 738
A 41 19 779
A 41 20 820
A 41 21 861
A 41 22 902
A 41 23 943
A 41 24 984
A 41 25 1025
A 41 26 1066
A 41 27 1107
A 41 28 1148
A 41 29 1189
A 41 30 1230
A 41 31 1271
A 41 32 1312
A 41 33 1353
A 41 34 1394
A 41 35 1435
A 41 36 1476
A 41 37 1517
A 41 38 1558
A 41 39 1599
A 41 40 1640
A 41 41 1681
A 41 42 1722
A 41 43 1763
A 41 44 1804
A 41 45 1845
A 41 46 1886
A 41 47 1927
A 41 48 1968
A 41 49 2009
A 41 50 2050
A 42 1 42
A 42 2 84
A 42 3 126
A 42 4 168
A 42 5 210
A 42 6 252
A 42 7 294
A 42 8 336
A 42 9 378
A 42 10 420
A 42 11 462
A 42 12 504
A 42 13 546
A 42 14 588
A 42 15 630
A 42 16 672
A 42 17 714
A 42 18 756
A 42 19 798
A 42 20 840
A 42 21 882
A 42 22 924
A 42 23 966
A 42 24 1008
A 42 25 1050
A 42 26 1092
A 42 27 1134
A 42 28 1176
A 42 29 1218
A 42 30 1260
A 42 31 1302
A 42 32 1344
A 42 33 1386
A 42 34 1428
A 42 35 1470
A 42 36 1512
A 42 37 1554
A 42 38 1596
A 42 39 1638
A 42 40 1680
A 42 41 1722
A 42 42 1764
A 42 43 1806
A 42 44 1848
A 42 45 1890
A 42 46 1932
A 42 47 1974
A 42 48 2016
A 42 49 2058
A 42 50 2100
A 43 1 43
A 43 2 86
A 43 3 129
A 43 4 172
A 43 5 215
A 43 6 258
A 43 7 301
A 43 8 344
A 43 9 387
A 43 10 430
A 43 11 473
A 43 12 516
A 43 13 559
A 43 14 602
A 43 15 645
A 43 16 688
A 43 17 731
A 43 18 774
A 43 19 817
A 43 20 860
A 43 21 903
A 43 22 946
A 43 23 989
A 43 24 1032
A 43 25 1075
A 43 26 1118
A 43 27 1161
A 43 28 1204
A 43 29 1247
A 43 30 1290
A 43 31 1333
A 43 32 1376
A 43 33 1419
A 43 34 1462
A 43 35 1505
A 43 36 1548
A 43 37 1591
A 43 38 1634
A 43 39 1677
A 43 40 1720
A 43 41 1763
A 43 42 1806
A 43 43 1849
A 43 44 1892
A 43 45 1935
A 43 46 1978
A 43 47 2021
A 43 48 2064
A 43 49 2107
A 43 50 2150
A 44 1 44
A 44 2 88
A 44 3 132
A 44 4 176
A 44 5 220
A 44 6 264
A 44 7 308
A 44 8 352
A 44 9 396
A 44 10 440
A 44 11 484
A 44 12 528
A 44 13 572
A 44 14 616
A 44 15 660
A 44 16 704
A 44 17 748
A 44 18 792
A 44 19 836
A 44 20 880
A 44 21 924
A 44 22 968
A 44 23 1012
A 44 24 1056
A 44 25 1100
A 44 26 1144
A 44 27 1188
A 44 28 1232
A 44 29 1276
A 44 30 1320
A 44 31 1364
A 44 32 1408
A 44 33 1452
A 44 34 1496
A 44 35 1540
A 44 36 1584
A 44 37 1628
A 44 38 1672
A 44 39 1716
A 44 40 1760
A 44 41 1804
A 44 42 1848
A 44 43 1892
A 44 44 1936
A 44 45 1980
A 44 46 2024
A 44 47 2068
A 44 48 2112
A 44 49 2156
A 44 50 2200
A 45 1 45
A 45 2 90
A 45 3 135
A 45 4 180
A 45 5 225
A 45 6 270
A 45 7 315
A 45 8 360
A 45 9 405
A 45 10 450
A 45 11 495
A 45 12 540
A 45 13 585
A 45 14 630
A 45 15 675
A 45 16 720
A 45 17 765
A 45 18 810
A 45 19 855
A 45 20 900
A 45 21 945
A 45 22 990
A 45 23 1035
A 45 24 1080
A 45 25 1125
A 45 26 1170
A 45 27 1215
A 45 28 1260
A 45 29 1305
A 45 30 1350
A 45 31 1395
A 45 32 1440
A 45 33 1485
A 45 34 1530
A 45 35 1575
A 45 36 1620
A 45 37 1665
A 45 38 1710
A 45 39 1755
A 45 40 1800
A 45 41 1845
A 45 42 1890
A 45 43 1935
A 45 44 1980
A 45 45 2025
A 45 46 2070
A 45 47 2115
A 45 48 2160
A 45 49 2205
A 45 50 2250
A 46 1 46
A 46 2 92
A 46 3 138
A 46 4 184
A 46 5 230
A 46 6 276
A 46 7 322
A 46 8 368
A 46 9 414
A 46 10 460
A 46 11 506
A 46 12 552
A 46 13 598
A 46 14 644
A 46 15 690
A 46 16 736
A 46 17 782
A 46 18 828
A 46 19 874
A 46 20 920
A 46 21 966
A 46 22 1012
A 46 23 1058
A 46 24 1104
A 46 25 1150
A 46 26 1196
A 46 27 1242
A 46 28 1288
A 46 29 1334
A 46 30 1380
A 46 31 1426
A 46 32 1472
A 46 33 1518
A 46 34 1564
A 46 35 1610
A 46 36 1656
A 46 37 1702
A 46 38 1748
A 46 39 1794
A 46 40 1840
A 46 41 1886
A 46 42 1932
A 46 43 1978
A 46 44 2024
A 46 45 2070
A 46 46 2116
A 46 47 2162
A 46 48 2208
A 46 49 2254
A 46 50 2300
A 47 1 47
A 47 2 94
A 47 3 141
A 47 4 188
A 47 5 235
A 47 6 282
A 47 7 329
A 47 8 376
A 47 9 423
A 47 10 470
A 47 11 517
A 47 12 564
A 47 13 611
A 47 14 658
A 47 15 705
A 47 16 752
A 47 17 799
A 47 18 846
A 47 19 893
A 47 20 940
A 47 21 987
A 47 22 1034
A 47 23 1081
A 47 24 1128
A 47 25 1175
A 47 26 1222
A 47 27 1269
A 47 28 1316
A 47 29 1363
A 47 30 1410
A 47 31 1457
A 47 32 1504
A 47 33 1551
A 47 34 1598
A 47 35 1645
A 47 36 1692
A 47 37 1739
A 47 38 1786
A 47 39 1833
A 47 40 1880
A 47 41 1927
A 47 42 1974
A 47 43 2021
A 47 44 2068
A 47 45 2115
A 47 46 2162
A 47 47 2209
A 47 48 2256
A 47 49 2303
A 47 50 2350
A 48 1 48
A 48 2 96
A 48 3 144
A 48 4 192
A 48 5 240
A 48 6 288
A 48 7 336
A 48 8 384
A 48 9 432
A 48 10 480
A 48 11 528
A 48 12 576
A 48 13 624
A 48 14 672
A 48 15 720
A 48 16 768
A 48 17 816
A 48 18 864
A 48 19 912
A 48 20 960
A 48 21 1008
A 48 22 1056
A 48 23 1104
A 48 24 1152
A 48 25 1200
A 48 26 1248
A 48 27 1296
A 48 28 1344
A 48 29 1392
A 48 30 1440
A 48 31 1488
A 48 32 1536
A 48 33 1584
A 48 34 1632
A 48 35 1680
A 48 36 1728
A 48 37 1776
A 48 38 1824
A 48 39 1872
A 48 40 1920
A 48 41 1968
A 48 42 2016
A 48 43 2064
A 48 44 2112
A 48 45 2160
A 48 46 2208
A 48 47 2256
A 48 48 2304
A 48 49 2352
A 48 50 2400
A 49 1 49
A 49 2 98
A 49 3 147
A 49 4 196
A 49 5 245
A 49 6 294
A 49 7 343
A 49 8 392
A 49 9 441
A 49 10 490
A 49 11 539
A 49 12 588
A 49 13 637
A 49 14 686
A 49 15 735
A 49 16 784
A 49 17 833
A 49 18 882
A 49 19 931
A 49 20 980
A 49 21 1029
A 49 22 1078
A 49 23 1127
A 49 24 1176
A 49 25 1225
A 49 26 1274
A 49 27 1323
A 49 28 1372
A 49 29 1421
A 49 30 1470
A 49 31 1519
A 49 32 1568
A 49 33 1617
A 49 34 1666
A 49 35 1715
A 49 36 1764
A 49 37 1813
A 49 38 1862
A 49 39 1911
A 49 40 1960
A 49 41 2009
A 49 42 2058
A 49 43 2107
A 49 44 2156
A 49 45 2205
A 49 46 2254
A 49 47 2303
A 49 48 2352
A 49 49 2401
A 49 50 2450
A 50 1 50
A 50 2 100
A 50 3 150
A 50 4 200
A 50 5 250
A 50 6 300
A 50 7 350
A 50 8 400
A 50 9 450
A 50 10 500
A 50 11 550
A 50 12 600
A 50 13 650
A 50 14 700
A 50 15 750
A 50 16 800
A 50 17 850
A 50 18 900
A 50 19 950
A 50 20 1000
A 50 21 1050
A 50 22 1100
A 50 23 1150
A 50 24 1200
A 50 25 1250
A 50 26 1300
A 50 27 1350
A 50 28 1400
A 50 29 1450
A 50 30 1500
A 50 31 1550
A 50 32 1600
A 50 33 1650
A 50 34 1700
A 50 35 1750
A 50 36 1800
A 50 37 1850
A 50 38 1900
A 50 39 1950
A 50 40 2000
A 50 41 2050
A 50 42 2100
A 50 43 2150
A 50 44 2200
A 50 45 2250
A 50 46 2300
A 50 47 2350
A 50 48 2400
A 50 49 2450
A 50 50 2500
A 51 1 51
A 51 2 102
A 51 3 153
A 51 4 204
A 51 5 255
A 51 6 306
A 51 7 357
A 51 8 408
A 51 9 459
A 51 10 510
A 51 11 561
A 51 12 612
A 51 13 663
A 51 14 714
A 51 15 765
A 51 16 816
A 51 17 867
A 51 18 918
A 51 19 969
A 51 20 1020
A 51 21 1071
A 51 22 1122
A 51 23 1173
A 51 24 1224
A 51 25 1275
A 51 26 1326
A 51 27 1377
A 51 28 1428
A 51 29 1479
A 51 30 1530
A 51 31 1581
A 51 32 1632
A 51 33 1683
A 51 34 1734
A 51 35 1785
A 51 36 1836
A 51 37 1887
A 51 38 1938
A 51 39 1989
A 51 40 2040
A 51 41 2091
A 51 42 2142
A 51 43 2193
A 51 44 2244
A 51 45 2295
A 51 46 2346
A 51 47 2397
A 51 48 2448
A 51 49 2499
A 51 50 2550
A 52 1 52
A 52 2 104
A 52 3 156
A 52 4 208
A 52 5 260
A 52 6 312
A 52 7 364
A 52 8 416
A 52 9 468
A 52 10 520
A 52 11 572
A 52 12 624
A 52 13 676
A 52 14 728
A 52 15 780
A 52 16 832
A 52 17 884
A 52 18 936
A 52 19 988
A 52 20 1040
A 52 21 1092
A 52 22 1144
A 52 23 1196
A 52 24 1248
A 52 25 1300
A 52 26 1352
A 52 27 1404
A 52 28 1456
A 52 29 1508
A 52 30 1560
A 52 31 1612
A 52 32 1664
A 52 33 1716
A 52 34 1768
A 52 35 1820
A 52 36 1872
A 52 37 1924
A 52 38 1976
A 52 39 2028
A 52 40 2080
A 52 41 2132
A 52 42 2184
A 52 43 2236
A 52 44 2288
A 52 45 2340
A 52 46 2392
A 52 47 2444
A 52 48 2496
A 52 49 2548
A 52 50 2600
A 53 1 53
A 53 2 106
A 53 3 159
A 53 4 212
A 53 5 265
A 53 6 318
A 53 7 371
A 53 8 424
A 53 9 477
A 53 10 530
A 53 11 583
A 53 12 636
A 53 13 689
A 53 14 742
A 53 15 795
A 53 16 848
A 53 17 901
A 53 18 954
A 53 19 1007
A 53 20 1060
A 53 21 1113
A 53 22 1166
A 53 23 1219
A 53 24 1272
A 53 25 1325
A 53 26 1378
A 53 27 1431
A 53 28 1484
A 53 29 1537
A 53 30 1590
A 53 31 1643
A 53 32 1696
A 53 33 1749
A 53 34 1802
A 53 35 1855
A 53 36 1908
A 53 37 1961
A 53 38 2014
A 53 39 2067
A 53 40 2120
A 53 41 2173
A 53 42 2226
A 53 43 2279
A 53 44 2332
A 53 45 2385
A 53 46 2438
A 53 47 2491
A 53 48 2544
A 53 49 2597
A 53 50 2650
A 54 1 54
A 54 2 108
A 54 3 162
A 54 4 216
A 54 5 270
A 54 6 324
A 54 7 378
A 54 8 432
A 54 9 486
A 54 10 540
A 54 11 594
A 54 12 648
A 54 13 702
A 54 14 756
A 54 15 810
A 54 16 864
A 54 17 918
A 54 18 972
A 54 19 1026
A 54 20 1080
A 54 21 1134
A 54 22 1188
A 54 23 1242
A 54 24 1296
A 54 25 1350
A 54 26 1404
A 54 27 1458
A 54 28 1512
A 54 29 1566
A 54 30 1620
A 54 31 1674
A 54 32 1728
A 54 33 1782
A 54 34 1836
A 54 35 1890
A 54 36 1944
A 54 37 1998
A 54 38 2052
A 54 39 2106
A 54 40 2160
A 54 41 2214
A 54 42 2268
A 54 43 2322
A 54 44 2376
A 54 45 2430
A 54 46 2484
A 54 47 2538
A 54 48 2592
A 54 49 2646
A 54 50 2700
A 55 1 55
A 55 2 110
A 55 3 165
A 55 4 220
A 55 5 275
A 55 6 330
A 55 7 385
A 55 8 440
A 55 9 495
A 55 10 550
A 55 11 605
A 55 12 660
A 55 13 715
A 55 14 770
A 55 15 825
A 55 16 880
A 55 17 935
A 55 18 990
A 55 19 1045
A 55 20 1100
A 55 21 1155
A 55 22 1210
A 55 23 1265
A 55 24 1320
A 55 25 1375
A 55 26 1430
A 55 27 1485
A 55 28 1540
A 55 29 1595
A 55 30 1650
A 55 31 1705
A 55 32 1760
A 55 33 1815
A 55 34 1870
A 55 35 1925
A 55 36 1980
A 55 37 2035
A 55 38 2090
A 55 39 2145
A 55 40 2200
A 55 41 2255
A 55 42 2310
A 55 43 2365
A 55 44 2420
A 55 45 2475
A 55 46 2530
A 55 47 2585
A 55 48 2640
A 55 49 2695
A 55 50 2750
A 56 1 56
A 56 2 112
A 56 3 168
A 56 4 224
A 56 5 280
A 56 6 336
A 56 7 392
A 56 8 448
A 56 9 504
A 56 10 560
A 56 11 616
A 56 12 672
A 56 13 728
A 56 14 784
A 56 15 840
A 56 16 896
A 56 17 952
A 56 18 1008
A 56 19 1064
A 56 20 1120
A 56 21 1176
A 56 22 1232
A 56 23 1288
A 56 24 1344
A 56 25 1400
A 56 26 1456
A 56 27 1512
A 56 28 1568
A 56 29 1624
A 56 30 1680
A 56 31 1736
A 56 32 1792
A 56 33 1848
A 56 34 1904
A 56 35 1960
A 56 36 2016
A 56 37 2072
A 56 38 2128
A 56 39 2184
A 56 40 2240
A 56 41 2296
A 56 42 2352
A 56 43 2408
A 56 44 2464
A 56 45 2520
A 56 46 2576
A 56 47 2632
A 56 48 2688
A 56 49 2744
A 56 50 2800
A 57 1 57
A 57 2 114
A 57 3 171
A 57 4 228
A 57 5 285
A 57 6 342
A 57 7 399
A 57 8 456
A 57 9 513
A 57 10 570
A 57 11 627
A 57 12 684
A 57 13 741
A 57 14 798
A 57 15 855
A 57 16 912
A 57 17 969
A 57 18 1026
A 57 19 1083
A 57 20 1140
A 57 21 1197
A 57 22 1254
A 57 23 1311
A 57 24 1368
A 57 25 1425
A 57 26 1482
A 57 27 1539
A 57 28 1596
A 57 29 1653
A 57 30 1710
A 57 31 1767
A 57 32 1824
A 57 33 1881
A 57 34 1938
A 57 35 1995
A 57 36 2052
A 57 37 2109
A 57 38 2166
A 57 39 2223
A 57 40 2280
A 57 41 2337
A 57 42 2394
A 57 43 2451
A 57 44 2508
A 57 45 2565
A 57 46 2622
A 57 47 2679
A 57 48 2736
A 57 49 2793
A 57 50 2850
A 58 1 58
A 58 2 116
A 58 3 174
A 58 4 232
A 58 5 290
A 58 6 348
A 58 7 406
A 58 8 464
A 58 9 522
A 58 10 580
A 58 11 638
A 58 12 696
A 58 13 754
A 58 14 812
A 58 15 870
A 58 16 928
A 58 17 986
A 58 18 1044
A 58 19 1102
A 58 20 1160
A 58 21 1218
A 58 22 1276
A 58 23 1334
A 58 24 1392
A 58 25 1450
A 58 26 1508
A 58 27 1566
A 58 28 1624
A 58 29 1682
A 58 30 1740
A 58 31 1798
A 58 32 1856
A 58 33 1914
A 58 34 1972
A 58 35 2030
A 58 36 2088
A 58 37 2146
A 58 38 2204
A 58 39 2262
A 58 40 2320
A 58 41 2378
A 58 42 2436
A 58 43 2494
A 58 44 2552
A 58 45 2610
A 58 46 2668
A 58 47 2726
A 58 48 2784
A 58 49 2842
A 58 50 2900
A 59 1 59
A 59 2 118
A 59 3 177
A 59 4 236
A 59 5 295
A 59 6 354
A 59 7 413
A 59 8 472
A 59 9 531
A 59 10 590
A 59 11 649
A 59 12 708
A 59 13 767
A 59 14 826
A 59 15 885
A 59 16 944
A 59 17 1003
A 59 18 1062
A 59 19 1121
A 59 20 1180
A 59 21 1239
A 59 22 1298
A 59 23 1357
A 59 24 1416
A 59 25 1475
A 59 26 1534
A 59 27 1593
A 59 28 1652
A 59 29 1711
A 59 30 1770
A 59 31 1829
A 59 32 1888
A 59 33 1947
A 59 34 2006
A 59 35 2065
A 59 36 2124
A 59 37 2183
A 59 38 2242
A 59 39 2301
A 59 40 2360
A 59 41 2419
A 59 42 2478
A 59 43 2537
A 59 44 2596
A 59 45 2655
A 59 46 2714
A 59 47 2773
A 59 48 2832
A 59 49 2891
A 59 50 2950
A 60 1 60
A 60 2 120
A 60 3 180
A 60 4 240
A 60 5 300
A 60 6 360
A 60 7 420
A 60 8 480
A 60 9 540
A 60 10 600
A 60 11 660
A 60 12 720
A 60 13 780
A 60 14 840
A 60 15 900
A 60 16 960
A 60 17 1020
A 60 18 1080
A 60 19 1140
A 60 20 1200
A 60 21 1260
A 60 22 1320
A 60 23 1380
A 60 24 1440
A 60 25 1500
A 60 26 1560
A 60 27 1620
A 60 28 1680
A 60 29 1740
A 60 30 1800
A 60 31 1860
A 60 32 1920
A 60 33 1980
A 60 34 2040
A 60 35 2100
A 60 36 2160
A 60 37 2220
A 60 38 2280
A 60 39 2340
A 60 40 2400
A 60 41 2460
A 60 42 2520
A 60 43 2580
A 60 44 2640
A 60 45 2700
A 60 46 2760
A 60 47 2820
A 60 48 2880
A 60 49 2940
A 60 50 3000
A 61 1 61
A 61 2 122
A 61 3 183
A 61 4 244
A 61 5 305
A 61 6 366
A 61 7 427
A 61 8 488
A 61 9 549
A 61 10 610
A 61 11 671
A 61 12 732
A 61 13 793
A 61 14 854
A 61 15 915
A 61 16 976
A 61 17 1037
A 61 18 1098
A 61 19 1159
A 61 20 1220
A 61 21 1281
A 61 22 1342
A 61 23 1403
A 61 24 1464
A 61 25 1525
A 61 26 1586
A 61 27 1647
A 61 28 1708
A 61 29 1769
A 61 30 1830
A 61 31 1891
A 61 32 1952
A 61 33 2013
A 61 34 2074
A 61 35 2135
A 61 36 2196
A 61 37 2257
A 61 38 2318
A 61 39 2379
A 61 40 2440
A 61 41 2501
A 61 42 2562
A 61 43 2623
A 61 44 2684
A 61 45 2745
A 61 46 2806
A 61 47 2867
A 61 48 2928
A 61 49 2989
A 61 50 3050
A 62 1 62
A 62 2 124
A 62 3 186
A 62 4 248
A 62 5 310
A 62 6 372
A 62 7 434
A 62 8 496
A 62 9 558
A 62 10 620
A 62 11 682
A 62 12 744
A 62 13 806
A 62 14 868
A 62 15 930
A 62 16 992
A 62 17 1054
A 62 18 1116
A 62 19 1178
A 62 20 1240
A 62 21 1302
A 62 22 1364
A 62 23 1426
A 62 24 1488
A 62 25 1550
A 62 26 1612
A 62 27 1674
A 62 28 1736
A 62 29 1798
A 62 30 1860
A 62 31 1922
A 62 32 1984
A 62 33 2046
A 62 34 2108
A 62 35 2170
A 62 36 2232
A 62 37 2294
A 62 38 2356
A 62 39 2418
A 62 40 2480
A 62 41 2542
A 62 42 2604
A 62 43 2666
A 62 44 2728
A 62 45 2790
A 62 46 2852
A 62 47 2914
A 62 48 2976
A 62 49 3038
A 62 50 3100
A 63 1 63
A 63 2 126
A 63 3 189
A 63 4 252
A 63 5 315
A 63 6 378
A 63 7 441
A 63 8 504
A 63 9 567
A 63 10 630
A 63 11 693
A 63 12 756
A 63 13 819
A 63 14 882
A 63 15 945
A 63 16 1008
A 63 17 1071
A 63 18 1134
A 63 19 1197
A 63 20 1260
A 63 21 1323
A 63 22 1386
A 63 23 1449
A 63 24 1512
A 63 25 1575
A 63 26 1638
A 63 27 1701
A 63 28 1764
A 63 29 1827
A 63 30 1890
A 63 31 1953
A 63 32 2016
A 63 33 2079
A 63 34 2142
A 63 35 2205
A 63 36 2268
A 63 37 2331
A 63 38 2394
A 63 39 2457
A 63 40 2520
A 63 41 2583
A 63 42 2646
A 63 43 2709
A 63 44 2772
A 63 45 2835
A 63 46 2898
A 63 47 2961
A 63 48 3024
A 63 49 3087
A 63 50 3150
A 64 1 64
A 64 2 128
A 64 3 192
A 64 4 256
A 64 5 320
A 64 6 384
A 64 7 448
A 64 8 512
A 64 9 576
A 64 10 640
A 64 11 704
A 64 12 768
A 64 13 832
A 64 14 896
A 64 15 960
A 64 16 1024
A 64 17 1088
A 64 18 1152
A 64 19 1216
A 64 20 1280
A 64 21 1344
A 64 22 1408
A 64 23 1472
A 64 24 1536
A 64 25 1600
A 64 26 1664
A 64 27 1728
A 64 28 1792
A 64 29 1856
A 64 30 1920
A 64 31 1984
A 64 32 2048
A 64 33 2112
A 64 34 2176
A 64 35 2240
A 64 36 2304
A 64 37 2368
A 64 38 2432
A 64 39 2496
A 64 40 2560
A 64 41 2624
A 64 42 2688
A 64 43 2752
A 64 44 2816
A 64 45 2880
A 64 46 2944
A 64 47 3008
A 64 48 3072
A 64 49 3136
A 64 50 3200
A 65 1 65
A 65 2 130
A 65 3 195
A 65 4 260
A 65 5 325
A 65 6 390
A 65 7 455
A 65 8 520
A 65 9 585
A 65 10 650
A 65 11 715
A 65 12 780
A 65 13 845
A 65 14 910
A 65 15 975
A 65 16 1040
A 65 17 1105
A 65 18 1170
A 65 19 1235
A 65 20 1300
A 65 21 1365
A 65 22 1430
A 65 23 1495
A 65 24 1560
A 65 25 1625
A 65 26 1690
A 65 27 1755
A 65 28 1820
A 65 29 1885
A 65 30 1950
A 65 31 2015
A 65 32 2080
A 65 33 2145
A 65 34 2210
A 65 35 2275
A 65 36 2340
A 65 37 2405
A 65 38 2470
A 65 39 2535
A 65 40 2600
A 65 41 2665
A 65 42 2730
A 65 43 2795
A 65 44 2860
A 65 45 2925
A 65 46 2990
A 65 47 3055
A 65 48 3120
A 65 49 3185
A 65 50 3250
A 66 1 66
A 66 2 132
A 66 3 198
A 66 4 264
A 66 5 330
A 66 6 396
A 66 7 462
A 66 8 528
A 66 9 594
A 66 10 660
A 66 11 726
A 66 12 792
A 66 13 858
A 66 14 924
A 66 15 990
A 66 16 1056
A 66 17 1122
A 66 18 1188
A 66 19 1254
A 66 20 1320
A 66 21 1386
A 66 22 1452
A 66 23 1518
A 66 24 1584
A 66 25 1650
A 66 26 1716
A 66 27 1782
A 66 28 1848
A 66 29 1914
A 66 30 1980
A 66 31 2046
A 66 32 2112
A 66 33 2178
A 66 34 2244
A 66 35 2310
A 66 36 2376
A 66 37 2442
A 66 38 2508
A 66 39 2574
A 66 40 2640
A 66 41 2706
A 66 42 2772
A 66 43 2838
A 66 44 2904
A 66 45 2970
A 66 46 3036
A 66 47 3102
A 66 48 3168
A 66 49 3234
A 66 50 3300
A 67 1 67
A 67 2 134
A 67 3 201
A 67 4 268
A 67 5 335
A 67 6 402
A 67 7 469
A 67 8 536
A 67 9 603
A 67 10 670
A 67 11 737
A 67 12 804
A 67 13 871
A 67 14 938
A 67 15 1005
A 67 16 1072
A 67 17 1139
A 67 18 1206
A 67 19 1273
A 67 20 1340
A 67 21 1407
A 67 22 1474
A 67 23 1541
A 67 24 1608
A 67 25 1675
A 67 26 1742
A 67 27 1809
A 67 28 1876
A 67 29 1943
A 67 30 2010
A 67 31 2077
A 67 32 2144
A 67 33 2211
A 67 34 2278
A 67 35 2345
A 67 36 2412
A 67 37 2479
A 67 38 2546
A 67 39 2613
A 67 40 2680
A 67 41 2747
A 67 42 2814
A 67 43 2881
A 67 44 2948
A 67 45 3015
A 67 46 3082
A 67 47 3149
A 67 48 3216
A 67 49 3283
A 67 50 3350
A 68 1 68
A 68 2 136
A 68 3 204
A 68 4 272
A 68 5 340
A 68 6 408
A 68 7 476
